[10^0:10^1] 3 2 1 1
[10^1:10^2] 6 2 2 1
[10^2:10^3] 22 5 2 1
[10^3:10^4] 68 12 4 3
[10^4:10^5] 217 25 8 3
[10^5:10^6] 683 53 14 6
[10^6:10^7] 2163 116 25 10
[10^7:10^8] 6837 249 43 14
[10^8:10^9] 21623 535 78 24
[10^9:10^10] 68377 1155 139 36
[10^10:10^11] 216228 2487 246 59
[10^11:10^12] 683772 5358 437 93
[10^12:10^13] 2162278 11545 779 147
[10^13:10^14] 6837722 24871 1384 232
[10^14:10^15] 21622777 53584 2461 369
[10^15:10^16] 68377223 115444 4376 585
[10^16:10^17] 216227767 248715 7783 927
[10^17:10^18] 683772233 535841 13840 1470
[10^18:10^19] 2162277661 1154435 24612 2328
[10^19:10^20] 6837722339 2487154 43765 3690